function globals()
    global A;
    global b;

    A = [3.857 0.239 0.272 0.258;
        0.491 3.941 0.131 0.178;
        0.436 0.281 4.189 0.416;
        0.317 0.229 0.326 2.971];

    b = [0.190; 0.179; 0.753; 0.860];
end
